2025-04-08 17:45:26.563420 - Received CBT.V508.FILE010.PDS from FILE010.XMI 
2025-04-08 17:45:26.581552 - Found $$$#DATE.txt (text/plain) in CBT.V508.FILE010.PDS, moved to PDS/$$$#DATE
2025-04-08 17:45:26.582179 - Found $$INDEX.txt (text/plain) in CBT.V508.FILE010.PDS, moved to PDS/$$INDEX
2025-04-08 17:45:26.582850 - Found $$NOTICE.txt (text/plain) in CBT.V508.FILE010.PDS, moved to PDS/$$NOTICE
2025-04-08 17:45:26.583490 - Found $$STORY.txt (text/plain) in CBT.V508.FILE010.PDS, moved to PDS/$$STORY
2025-04-08 17:45:26.584154 - Found @FILE010.txt (text/plain) in CBT.V508.FILE010.PDS, moved to PDS/@FILE010
2025-04-08 17:45:26.584714 - Found ASM.jcl (text/plain) in CBT.V508.FILE010.PDS, moved to PDS/ASM
2025-04-08 17:45:26.585262 - Found ASMBB.jcl (text/plain) in CBT.V508.FILE010.PDS, moved to PDS/ASMBB
2025-04-08 17:45:26.585884 - Found ASMDG.jcl (text/plain) in CBT.V508.FILE010.PDS, moved to PDS/ASMDG
2025-04-08 17:45:26.586550 - Found ASMDR.jcl (text/plain) in CBT.V508.FILE010.PDS, moved to PDS/ASMDR
2025-04-08 17:45:26.587171 - Found ASMG.jcl (text/plain) in CBT.V508.FILE010.PDS, moved to PDS/ASMG
2025-04-08 17:45:26.587829 - Found ASMGP.jcl (text/plain) in CBT.V508.FILE010.PDS, moved to PDS/ASMGP
2025-04-08 17:45:26.588448 - Found ASMIS.jcl (text/plain) in CBT.V508.FILE010.PDS, moved to PDS/ASMIS
2025-04-08 17:45:26.589010 - Found ASMLX1.jcl (text/plain) in CBT.V508.FILE010.PDS, moved to PDS/ASMLX1
2025-04-08 17:45:26.589584 - Found ASMN.jcl (text/plain) in CBT.V508.FILE010.PDS, moved to PDS/ASMN
2025-04-08 17:45:26.590239 - Found ASMSP.jcl (text/plain) in CBT.V508.FILE010.PDS, moved to PDS/ASMSP
2025-04-08 17:45:26.590922 - Found DCS.txt (text/plain) in CBT.V508.FILE010.PDS, moved to PDS/DCS
2025-04-08 17:45:26.591625 - Found DYNALC.txt (text/plain) in CBT.V508.FILE010.PDS, moved to PDS/DYNALC
2025-04-08 17:45:26.592202 - Found ESRPRMTE.txt (text/plain) in CBT.V508.FILE010.PDS, moved to PDS/ESRPRMTE
2025-04-08 17:45:26.592832 - Found ESRPRMTJ.txt (text/plain) in CBT.V508.FILE010.PDS, moved to PDS/ESRPRMTJ
2025-04-08 17:45:26.593495 - Found GLSPARSE.txt (text/plain) in CBT.V508.FILE010.PDS, moved to PDS/GLSPARSE
2025-04-08 17:45:26.594153 - Found ICFDSECT.txt (text/plain) in CBT.V508.FILE010.PDS, moved to PDS/ICFDSECT
2025-04-08 17:45:26.594824 - Found IM@.txt (text/plain) in CBT.V508.FILE010.PDS, moved to PDS/IM@
2025-04-08 17:45:26.595457 - Found IMCFDATA.txt (text/plain) in CBT.V508.FILE010.PDS, moved to PDS/IMCFDATA
2025-04-08 17:45:26.596020 - Found IMCFDOC.txt (text/plain) in CBT.V508.FILE010.PDS, moved to PDS/IMCFDOC
2025-04-08 17:45:26.596634 - Found IMCFLIST.txt (text/plain) in CBT.V508.FILE010.PDS, moved to PDS/IMCFLIST
2025-04-08 17:45:26.597464 - Found IMDATGAT.txt (text/plain) in CBT.V508.FILE010.PDS, moved to PDS/IMDATGAT
2025-04-08 17:45:26.598153 - Found IMDGPURG.txt (text/plain) in CBT.V508.FILE010.PDS, moved to PDS/IMDGPURG
2025-04-08 17:45:26.598721 - Found IMDSDATA.txt (text/plain) in CBT.V508.FILE010.PDS, moved to PDS/IMDSDATA
2025-04-08 17:45:26.599326 - Found IMDSPACE.txt (text/plain) in CBT.V508.FILE010.PDS, moved to PDS/IMDSPACE
2025-04-08 17:45:26.599934 - Found IMDSSTRD.txt (text/plain) in CBT.V508.FILE010.PDS, moved to PDS/IMDSSTRD
2025-04-08 17:45:26.600565 - Found IMGATCOM.txt (text/plain) in CBT.V508.FILE010.PDS, moved to PDS/IMGATCOM
2025-04-08 17:45:26.601214 - Found IMGATDAT.txt (text/plain) in CBT.V508.FILE010.PDS, moved to PDS/IMGATDAT
2025-04-08 17:45:26.601931 - Found IMGATGET.txt (text/plain) in CBT.V508.FILE010.PDS, moved to PDS/IMGATGET
2025-04-08 17:45:26.602519 - Found IMLLAIX1.txt (text/plain) in CBT.V508.FILE010.PDS, moved to PDS/IMLLAIX1
2025-04-08 17:45:26.603198 - Found IMLLAREA.txt (text/plain) in CBT.V508.FILE010.PDS, moved to PDS/IMLLAREA
2025-04-08 17:45:26.603820 - Found IMON.txt (text/plain) in CBT.V508.FILE010.PDS, moved to PDS/IMON
2025-04-08 17:45:26.604395 - Found IMONCNTL.xmi (application/xmit) in CBT.V508.FILE010.PDS, moved to PDS/IMONCNTL.xmi
2025-04-08 17:45:26.707617 - Received GREG.IMONZ.CNTL from IMONCNTL.xmi 
2025-04-08 17:45:26.709122 - Found DSSTRD.jcl (text/plain) in GREG.IMONZ.CNTL, moved to IMONCNTL/DSSTRD
2025-04-08 17:45:26.709787 - Found IMBKGRND.txt (text/plain) in GREG.IMONZ.CNTL, moved to IMONCNTL/IMBKGRND
2025-04-08 17:45:26.710406 - Found IMDSSTRD.txt (text/plain) in GREG.IMONZ.CNTL, moved to IMONCNTL/IMDSSTRD
2025-04-08 17:45:26.711038 - Found IMON.txt (text/plain) in GREG.IMONZ.CNTL, moved to IMONCNTL/IMON
2025-04-08 17:45:26.711613 - Found IMONBTCH.jcl (text/plain) in GREG.IMONZ.CNTL, moved to IMONCNTL/IMONBTCH
2025-04-08 17:45:26.712270 - Found IMONTEXT.txt (text/plain) in GREG.IMONZ.CNTL, moved to IMONCNTL/IMONTEXT
2025-04-08 17:45:26.712891 - Found IMPGAT.txt (text/plain) in GREG.IMONZ.CNTL, moved to IMONCNTL/IMPGAT
2025-04-08 17:45:26.713556 - Found IMPSPACE.txt (text/plain) in GREG.IMONZ.CNTL, moved to IMONCNTL/IMPSPACE
2025-04-08 17:45:26.714475 - Found IMSPDSST.txt (text/plain) in GREG.IMONZ.CNTL, moved to IMONCNTL/IMSPDSST
2025-04-08 17:45:26.715081 - Found IMXACUST.jcl (text/plain) in GREG.IMONZ.CNTL, moved to IMONCNTL/IMXACUST
2025-04-08 17:45:26.715736 - Found UNIXUSER.x-Algol68 (text/x-Algol68) in GREG.IMONZ.CNTL, moved to IMONCNTL/UNIXUSER
2025-04-08 17:45:26.716697 - Found IMONJOB.jcl (text/plain) in CBT.V508.FILE010.PDS, moved to PDS/IMONJOB
2025-04-08 17:45:26.717360 - Found IMONTEXT.txt (text/plain) in CBT.V508.FILE010.PDS, moved to PDS/IMONTEXT
2025-04-08 17:45:26.718032 - Found IMPCM$.txt (text/plain) in CBT.V508.FILE010.PDS, moved to PDS/IMPCM$
2025-04-08 17:45:26.718670 - Found IMPCME.txt (text/plain) in CBT.V508.FILE010.PDS, moved to PDS/IMPCME
2025-04-08 17:45:26.719301 - Found IMPCMGG.txt (text/plain) in CBT.V508.FILE010.PDS, moved to PDS/IMPCMGG
2025-04-08 17:45:26.720079 - Found IMPCMK.txt (text/plain) in CBT.V508.FILE010.PDS, moved to PDS/IMPCMK
2025-04-08 17:45:26.720750 - Found IMPCMT.txt (text/plain) in CBT.V508.FILE010.PDS, moved to PDS/IMPCMT
2025-04-08 17:45:26.721348 - Found IMPCMW.txt (text/plain) in CBT.V508.FILE010.PDS, moved to PDS/IMPCMW
2025-04-08 17:45:26.721979 - Found IMPCM1.txt (text/plain) in CBT.V508.FILE010.PDS, moved to PDS/IMPCM1
2025-04-08 17:45:26.722714 - Found IMPCM2.txt (text/plain) in CBT.V508.FILE010.PDS, moved to PDS/IMPCM2
2025-04-08 17:45:26.723372 - Found IMPCM3.txt (text/plain) in CBT.V508.FILE010.PDS, moved to PDS/IMPCM3
2025-04-08 17:45:26.724045 - Found IMPCM4.txt (text/plain) in CBT.V508.FILE010.PDS, moved to PDS/IMPCM4
2025-04-08 17:45:26.724860 - Found IMPGAT.txt (text/plain) in CBT.V508.FILE010.PDS, moved to PDS/IMPGAT
2025-04-08 17:45:26.725531 - Found IMPSPACE.txt (text/plain) in CBT.V508.FILE010.PDS, moved to PDS/IMPSPACE
2025-04-08 17:45:26.726212 - Found IMPXA.txt (text/plain) in CBT.V508.FILE010.PDS, moved to PDS/IMPXA
2025-04-08 17:45:26.726976 - Found IMPXA@.txt (text/plain) in CBT.V508.FILE010.PDS, moved to PDS/IMPXA@
2025-04-08 17:45:26.727571 - Found IMPXAA.txt (text/plain) in CBT.V508.FILE010.PDS, moved to PDS/IMPXAA
2025-04-08 17:45:26.728274 - Found IMPXAB.txt (text/plain) in CBT.V508.FILE010.PDS, moved to PDS/IMPXAB
2025-04-08 17:45:26.728925 - Found IMPXAC.txt (text/plain) in CBT.V508.FILE010.PDS, moved to PDS/IMPXAC
2025-04-08 17:45:26.729664 - Found IMPXAD.txt (text/plain) in CBT.V508.FILE010.PDS, moved to PDS/IMPXAD
2025-04-08 17:45:26.730322 - Found IMPXAF.txt (text/plain) in CBT.V508.FILE010.PDS, moved to PDS/IMPXAF
2025-04-08 17:45:26.731001 - Found IMPXAG.txt (text/plain) in CBT.V508.FILE010.PDS, moved to PDS/IMPXAG
2025-04-08 17:45:26.731889 - Found IMPXAGLS.bin (application/octet-stream) in CBT.V508.FILE010.PDS, moved to PDS/IMPXAGLS
2025-04-08 17:45:26.732599 - Found IMPXAJ.txt (text/plain) in CBT.V508.FILE010.PDS, moved to PDS/IMPXAJ
2025-04-08 17:45:26.733293 - Found IMPXAL.txt (text/plain) in CBT.V508.FILE010.PDS, moved to PDS/IMPXAL
2025-04-08 17:45:26.733983 - Found IMPXAM.txt (text/plain) in CBT.V508.FILE010.PDS, moved to PDS/IMPXAM
2025-04-08 17:45:26.734718 - Found IMPXAN.txt (text/plain) in CBT.V508.FILE010.PDS, moved to PDS/IMPXAN
2025-04-08 17:45:26.735347 - Found IMPXAO.txt (text/plain) in CBT.V508.FILE010.PDS, moved to PDS/IMPXAO
2025-04-08 17:45:26.735971 - Found IMPXAP.txt (text/plain) in CBT.V508.FILE010.PDS, moved to PDS/IMPXAP
2025-04-08 17:45:26.736577 - Found IMPXAR.txt (text/plain) in CBT.V508.FILE010.PDS, moved to PDS/IMPXAR
2025-04-08 17:45:26.737157 - Found IMPXAS.txt (text/plain) in CBT.V508.FILE010.PDS, moved to PDS/IMPXAS
2025-04-08 17:45:26.737732 - Found IMPXASPY.txt (text/plain) in CBT.V508.FILE010.PDS, moved to PDS/IMPXASPY
2025-04-08 17:45:26.738285 - Found IMPXAT.txt (text/plain) in CBT.V508.FILE010.PDS, moved to PDS/IMPXAT
2025-04-08 17:45:26.738937 - Found IMPXAU.txt (text/plain) in CBT.V508.FILE010.PDS, moved to PDS/IMPXAU
2025-04-08 17:45:26.739637 - Found IMPXAV.txt (text/plain) in CBT.V508.FILE010.PDS, moved to PDS/IMPXAV
2025-04-08 17:45:26.740277 - Found IMSPACEO.txt (text/plain) in CBT.V508.FILE010.PDS, moved to PDS/IMSPACEO
2025-04-08 17:45:26.740864 - Found IMSPACER.txt (text/plain) in CBT.V508.FILE010.PDS, moved to PDS/IMSPACER
2025-04-08 17:45:26.741493 - Found IMSPDSST.txt (text/plain) in CBT.V508.FILE010.PDS, moved to PDS/IMSPDSST
2025-04-08 17:45:26.742058 - Found IMSWAP.txt (text/plain) in CBT.V508.FILE010.PDS, moved to PDS/IMSWAP
2025-04-08 17:45:26.742628 - Found IMSWPTXT.txt (text/plain) in CBT.V508.FILE010.PDS, moved to PDS/IMSWPTXT
2025-04-08 17:45:26.743279 - Found IMVTOCRD.txt (text/plain) in CBT.V508.FILE010.PDS, moved to PDS/IMVTOCRD
2025-04-08 17:45:26.743886 - Found IMXACUST.jcl (text/plain) in CBT.V508.FILE010.PDS, moved to PDS/IMXACUST
2025-04-08 17:45:26.744489 - Found IMXCDATA.txt (text/plain) in CBT.V508.FILE010.PDS, moved to PDS/IMXCDATA
2025-04-08 17:45:26.745098 - Found IMXCF.txt (text/plain) in CBT.V508.FILE010.PDS, moved to PDS/IMXCF
2025-04-08 17:45:26.745660 - Found IMXCFDOC.txt (text/plain) in CBT.V508.FILE010.PDS, moved to PDS/IMXCFDOC
2025-04-08 17:45:26.746200 - Found JPRFXMSG.txt (text/plain) in CBT.V508.FILE010.PDS, moved to PDS/JPRFXMSG
2025-04-08 17:45:26.747141 - Found LOADLIB.xmi (application/xmit) in CBT.V508.FILE010.PDS, moved to PDS/LOADLIB.xmi
2025-04-08 17:45:26.810985 - Received GREG.IMONZ.LOAD from LOADLIB.xmi 
2025-04-08 17:45:26.812279 - Found IM.bin (application/octet-stream) in GREG.IMONZ.LOAD, moved to LOADLIB/IM
2025-04-08 17:45:26.812913 - Found IMDATGAT.bin (application/octet-stream) in GREG.IMONZ.LOAD, moved to LOADLIB/IMDATGAT
2025-04-08 17:45:26.813773 - Found IMPXAGLS.bin (application/octet-stream) in GREG.IMONZ.LOAD, moved to LOADLIB/IMPXAGLS
2025-04-08 17:45:26.814359 - Found IMPXASPY.bin (application/octet-stream) in GREG.IMONZ.LOAD, moved to LOADLIB/IMPXASPY
2025-04-08 17:45:26.830475 - Found IMSPACER.bin (application/octet-stream) in GREG.IMONZ.LOAD, moved to LOADLIB/IMSPACER
2025-04-08 17:45:26.831471 - Found PDLFRECS.txt (text/plain) in CBT.V508.FILE010.PDS, moved to PDS/PDLFRECS
2025-04-08 17:45:26.832145 - Found SPACE$.jcl (text/plain) in CBT.V508.FILE010.PDS, moved to PDS/SPACE$
